twp=32;
twg=35.2;
b=[-0.35,-0.38,-0.42,-0.45,-0.47,-0.41,-0.28,-0.12,0.03,0.16,0.29,0.4,0.48,0.52,0.51,0.43,0.39,0.28,0.14,0,-0.1,-0.17,-0.23,-0.26];
tr=(twg-twp)/0.52;
t=twp+b*tr