function ar= Far(Tm)
%计算围护结构内表面之间的辐射换热系数
Fij=[0 0.11285 0.2436 0.12496 0.22165 0.22165 0.0437 0.03158;...
    0.2208 0 0.2208 0.09086 0.20967 0.2295 0 0.02836;...
    0.2436 0.11285 0 0.12496 0.22165 0.22165 0.0437 0.03158;...
    0.22493 0.0836 0.22493 0 0.23324 0.19593 0.037364 0;...
    0.22165 0.107166 0.22165 0.12958 0 0.2436 0.04938 0.02696;...
    0.22165 0.11731 0.22165 0.10885 0.2436 0 0.0392346 0.047692;...
    0.21506 0 0.21506 0.102167 0.243 0.1931 0 0.03157;...
    0.198954 0.091318 0.198954 0 0.16985 0.30046 0.0404 0];%围护结构内表面辐射角系数
eik=0.9*0.9;%围护结构内表面系统黑度
thi=5.6696e-8;
ar=4*eik*thi*((Tm+273)^3)*Fij;


end

